Pays;		Année;	POC;	RupStruc;	TCI;	
BANGLADESH;	2007;	1.00;	0.5210;		0.667;	
BURUNDI;	1996;	1.00;	1.0000;		1.000;	
CAMBODGE;	1997;	1.00;	0.8750;		0.000;	
RÉPUBLIQUE CENTRAFRICAINE;	2003;	1.00;	0.6460;		0.333;	
TCHAD;		2008;	1.00;	0.8125;		0.333;	
COMORES;	1999;	1.00;	0.6875;		1.000;	
RÉPUBLIQUE DU CONGO;	1997;	1.00;	0.6665;		0.667;	
FIJI;		2006;	1.00;	0.5210;		0.333;	
GUINÉE;		2008;	1.00;	0.3335;		1.000;	
GUINÉE-BISSAU;	1999;	1.00;	1.0000;		1.000;	
GUINÉE-BISSAU;	2003;	1.00;	0.6875;		0.333;	
GUINÉE-BISSAU;	2012;	1.00;	0.6875;		0.333;	
CÔTE D'IVOIRE;	1999;	1.00;	0.5000;		0.333;	
MALI;		2012;	1.00;	1.0000;		1.000;	
MAURITANIE;	2005;	1.00;	0.5000;		0.667;	
MAURITANIE;	2008;	1.00;	0.6875;		0.667;	
NÉPAL;		2002;	1.00;	0.8335;		1.000;	
NIGER;		1996;	1.00;	0.6460;		0.333;	
NIGER;		2010;	1.00;	0.5000;		0.333;	
PAKISTAN;	1999;	1.00;	0.5210;		0.667;	
QATAR;		1995;	1.00;	0.1665;		0.000;	
QATAR;		1996;	1.00;	0.1665;		0.000;	
SIERRA LEONE;	1996;	1.00;	0.8125;		1.000;	
SIERRA LEONE;	1997;	1.00;	1.0000;		1.000;	
THAÏLANDE;	2006;	1.00;	0.5415;		0.000;	
TOGO;		2005;	1.00;	0.3335;		1.000;					
AFGHANISTAN;	2002;	1.00;	0.8335;		0.333;	
ALBANIE;	1998;	1.00;	0.3335;		0.000;	
ARMÉNIE;	1995;	1.00;	0.5210;		0.333;	
ARMÉNIE;	1999;	1.00;	0.3335;		0.000;	
AZERBAÏDJAN;	1995;	1.00;	1.0000;		0.667;	
AZERBAÏDJAN;	1996;	1.00;	0.6875;		0.667;
BANGLADESH;	1996;	1.00;	0.5000;		1.000;	
BENIN;		1995;	1.00;	0.5000;		0.333;	
BURUNDI;	2001;	1.00;	0.8750;		0.667;	
CAMBODGE;	2000;	1.00;	0.5000;		0.000;	
RÉPUBLIQUE CENTRAFRICAINE;	1996;	1.00;	0.3335;		0.667;	
RÉPUBLIQUE CENTRAFRICAINE;	2001;	1.00;	0.3335;		0.667;	
RÉPUBLIQUE CENTRAFRICAINE;	2013;	1.00;	1.0000;		1.000;	
TCHAD;		2006;	1.00;	0.7500;		0.333;	
TCHAD;		2008;	1.00;	0.8125;		0.333;	
COMORES;	1995;	1.00;	0.8125;		1.000;	
COMORES;	2000;	1.00;	0.5000;		1.000;	
DJIBOUTI;	2000;	1.00;	0.3335;		0.333;	
ÉQUATEUR;	2000;	1.00;	0.3335;		1.000;	
ÉQUATEUR;	2010;	1.00;	0.1665;		1.000;	
GUINÉE-ÉQUATORIALE;	2009;	1.00;	0.3335;		0.333;	
FIJI;		2000;	1.00;	0.3335;		0.667;	
GAMBIE;		1995;	1.00;	0.5000;		0.000;	
GÉORGIE;	2009;	1.00;	0.3335;		0.667;	
GUINÉE;		1996;	1.00;	0.5000;		1.000;	
GUINÉE;		2006;	1.00;	0.5000;		1.000;	
GUINÉE;		2011;	1.00;	0.5000;		1.000;	
GUINÉE-BISSAU;	1998;	1.00;	1.0000;		1.000;	
GUINÉE-BISSAU;	2000;	1.00;	0.5000;		0.333;	
GUINÉE-BISSAU;	2008;	1.00;	0.5000;		0.333;	
GUINÉE-BISSAU;	2009;	1.00;	0.5000;		0.000;	
GUINÉE-BISSAU;	2010;	1.00;	0.5000;		0.000;	
GUINÉE-BISSAU;	2011;	1.00;	0.5000;		0.000;	
GUINÉE-BISSAU;	2012;	1.00;	0.6875;		0.333;	
HAÏTI;		2000;	1.00;	0.6875;		0.333;	
HONDURAS;	1999;	1.00;	0.1665;		0.333;	
IRAQ;		1995;	1.00;	0.8125;		1.000;	
CÔTE D'IVOIRE;	1995;	1.00;	0.3335;		0.333;	
CÔTE D'IVOIRE;	2000;	1.00;	0.5000;		0.667;	
CÔTE D'IVOIRE;	2001;	1.00;	0.5000;		0.667;	
KIRGHIZSTAN;	2003;	1.00;	0.1665;		0.667;	
LESOTHO;	2009;	1.00;	0.5000;		0.333;	
LESOTHO;	2014;	1.00;	0.3335;		0.000;	
MADAGASCAR;	2010;	1.00;	0.5000;		0.667;	
MALI;		2012;	1.00;	1.0000;		1.000;	
MAURITANIE;	2003;	1.00;	0.5000;		0.667;	
PARAGUAY;	1996;	1.00;	0.4585;		0.333;	
PARAGUAY;	2000;	1.00;	0.5000;		0.333;	
PAPOUASIE-NOUVELLE-GUINÉE;	2012;	1.00;	0.1665;		0.333;	
PHILIPPINES;	2007;	1.00;	0.5210;		0.333;	
QATAR;		1996;	1.00;	0.1665;		0.000;	
SIERRA LEONE;	1995;	1.00;	0.8335;		1.000;	
SIERRA LEONE;	1996;	1.00;	1.0000;		1.000;	
SOUDAN DU SUD;	2013;	1.00;	1.0000;		1.000;	
SOUDAN;		2008;	1.00;	1.0000;		1.000;	
VENEZUELA;	2002;	1.00;	0.3335;		0.667;	
ZAMBIE;		1997;	1.00;	0.5000;		0.667;	
AFRIQUE DU SUD;	1999;	0.00;	0.1665;		0.667;	
ALGÉRIE;	2004;	0.00;	0.7920;		1.000;	
ANGOLA;		2008;	0.00;	0.1665;		0.333;	
ARABIE SAOUDITE;	2001;	0.00;	0.1665;		1.000;	
ARGENTINE;	1999;	0.00;	0.1665;		0.000;	
BAHREÏN;	2002;	0.00;	0.0000;		0.333;	
BELGIQUE;	2007;	0.00;	0.0000;		0.333;	
BHOUTAN;	2008;	0.00;	0.1665;		0.667;	
BIÉLORUSSIE;	2006;	0.00;	0.1665;		0.000;	
BOLIVIE;	2005;	0.00;	0.1665;		0.667;	
BOSNIE;		2006;	0.00;	0.1665;		0.333;	
BULGARIE;	2001;	0.00;	0.1665;		0.333;	
BURKINA FASO;	1998;	0.00;	0.1665;		0.000;	
CAMEROUN;	2004;	0.00;	0.3335;		1.000;	
CANADA;		2004;	0.00;	0.0000;		0.000;	
CAP-VERT;	2001;	0.00;	0.0000;		0.000;	
CHILI;		2005;	0.00;	0.0000;		0.000;	
CHINE;		2008;	0.00;	0.0000;		0.667;	
COLOMBIE;	2006;	0.00;	0.4375;		0.667;	
CORÉE DU NORD;	2003;	0.00;	0.1665;		0.333;	
CORÉE DU SUD;	1997;	0.00;	0.3335;		0.333;	
CROATIE;	2000;	0.00;	0.1665;		0.667;	
EL SALVADOR;	2009;	0.00;	0.0000;		0.333;	
ESTONIE;	1996;	0.00;	0.1665;		0.667;	
ÉTHIOPIE;	1995;	0.00;	0.3335;		0.667;	
GABON;		2009;	0.00;	0.1665;		0.333;	
GHANA;		2004;	0.00;	0.3335;		0.333;	
GUYANA;		2005;	0.00;	0.0000;		1.000;	
ÎLES SALOMON;	2001;	0.00;	0.8750;		1.000;	
IRAN;		2009;	0.00;	0.3335;		0.667;	
ISRAËL;		1998;	0.00;	0.4790;		1.000;	
JORDANIE;	2003;	0.00;	0.0000;		0.667;	
KAZAKHSTAN;	1999;	0.00;	0.1665;		1.000;	
KENYA;		2002;	0.00;	0.3335;		0.667;	
LAOS;		2006;	0.00;	0.0000;		0.333;	
LIBAN;		1998;	0.00;	0.3335;		0.667;	
MALAISIE;	2008;	0.00;	0.1665;		1.000;	
MALAWI;		2004;	0.00;	0.1665;		0.000;	
MOLDAVIE;	2001;	0.00;	0.0000;		1.000;	
MONGOLIE;	1997;	0.00;	0.1665;		0.000;	
MAROC;		2011;	0.00;	0.0000;		0.000;	
MOZAMBIQUE;	2009;	0.00;	0.0000;		0.000;	
MYANMAR;	2010;	0.00;	0.5835;		1.000;	
NICARAGUA;	1995;	0.00;	0.1665;		0.667;	
OMAN;		2007;	0.00;	0.3335;		0.000;	
OUZBÉKISTAN;	2000;	0.00;	0.1665;		1.000;	
PAYS-BAS;	2006;	0.00;	0.0000;		0.000;	
POLOGNE;	1995;	0.00;	0.3335;		0.000;	
RÉPUBLIQUE DOMINICAINE;	1996;	0.00;	0.3335;		0.333;	
RÉPUBLIQUE TRINITÉ ET TOBAGO;	1995;	0.00;	0.1665;		0.333;	
ROUMANIE;	2004;	0.00;	0.1665;		0.667;	
RUSSIE;		2000;	0.00;	0.7085;		0.000;	
RWANDA;		2003;	0.00;	0.3335;		0.667;	
SÉNÉGAL;	2007;	0.00;	0.1665;		0.333;	
SINGAPOUR;	2005;	0.00;	0.0000;		0.667;	
SLOVAQUIE;	1998;	0.00;	0.1665;		0.667;	
SOMALIE;	2012;	0.00;	0.6665;		0.333;	
SRI LANKA;	2010;	0.00;	0.1665;		1.000;	
SURINAME;	2005;	0.00;	0.1665;		0.333;	
SYRIE; 		2000;	0.00;	0.1665;		1.000;	
TAÏWAN;		2004;	0.00;	0.0000;		0.000;	
TANZANIE;	1995;	0.00;	0.3335;		0.000;	
TUNISIE;	2011;	0.00;	0.3335;		0.000;	
TURKMÉNISTAN;	2007;	0.00;	0.1665;		0.333;	
TURQUIE;	2007;	0.00;	0.2500;		0.667;	
UKRAINE;	2010;	0.00;	0.1665;		0.667;	
URUGUAY;	2004;	0.00;	0.0000;		0.000;	
VIETNAM;	2007;	0.00;	0.0000;		0.333;	
ZIMBABWE;	2013;	0.00;	0.5000;		1.000;			
